3.09689539 4.45254839423 0.0
3.7230922832 3.20714600295 0.0
3.4007950244 3.81543798275 0.0
2.75099414868 4.52921752896 0.0
3.27584126318 3.72068581775 0.0
3.0525051604 4.17073178897 0.0
0.970813398612 5.54499280206 0.0
3.20136860056 3.94475678559 0.0
1.18703909809 4.28322555919 0.0
4.73772680836 4.37279969551 0.0
2.35073664786 2.482311718 0.0
3.03075763748 3.64504639421 0.0
2.94786230977 4.40215510746 0.0
3.28364176141 3.05770158376 0.0
3.4887459403 4.35008080586 0.0
2.10240253666 3.56676584672 0.0
3.28233660557 4.18785211551 0.0
4.82893440761 4.48452010213 0.0
2.4553366134 3.9512926213 0.0
2.02644045132 5.12850396198 0.0
2.50870976876 3.23848835665 0.0
2.18191763581 3.70818323998 0.0
2.89326198901 4.9380880939 0.0
3.50619773607 2.79691975783 0.0
3.48688624741 3.80758598506 0.0
2.44631196959 4.86745655231 0.0
1.64629717658 4.19449386858 0.0
3.68859373068 3.39250789516 0.0
4.23865987253 3.96421762549 0.0
5.67180614362 3.83191028378 0.0
3.18359742424 4.69643469018 0.0
3.48623037354 4.5751342414 0.0
3.36720469735 3.86949312045 0.0
2.53414631922 5.38143481761 0.0
3.93918157955 3.30121291776 0.0
4.99856069971 2.21332654412 0.0
4.02509645153 3.82065621505 0.0
2.88779678514 4.04300043815 0.0
3.41177103657 3.75195368723 0.0
3.14777222732 2.903974029 0.0
1.84565675827 4.35711483541 0.0
3.63601238683 3.95683869253 0.0
3.55939501917 2.90782139341 0.0
3.46345271926 2.91257940835 0.0
4.3644277011 4.35998256062 0.0
2.11363351204 4.43924314805 0.0
3.56872186833 3.43732242817 0.0
3.26422090796 1.89444719173 0.0
2.41145676887 4.36744899845 0.0
3.27556940934 4.32270388261 0.0
3.26761012165 4.14629313362 0.0
4.52663759523 2.20240783498 0.0
3.06395898072 3.11158055235 0.0
1.0943785573 4.26825950222 0.0
2.53835421779 4.39336103225 0.0
2.31580064918 5.55955439233 0.0
4.51657411563 3.86960684321 0.0
2.00999488467 3.97050104004 0.0
2.47386295931 4.41548093692 0.0
4.42104532475 2.99154469526 0.0
1.68381958163 3.43470079326 0.0
2.9436264309 2.66615662922 0.0
3.83781293327 2.65713798483 0.0
3.91519313059 3.41960971939 0.0
2.92794383281 5.77197647004 0.0
4.47523654695 3.95793580025 0.0
2.89465192777 4.67709242959 0.0
3.41308011508 3.17796776667 0.0
1.42681131787 3.16755071515 0.0
2.98446605541 4.18234726338 0.0
1.07689476604 5.32102683931 0.0
2.27442419944 3.64389811722 0.0
1.42382808047 5.01856535114 0.0
1.79844427853 5.91546995189 0.0
4.12291573205 2.12211569168 0.0
2.9616420887 2.0183276844 0.0
2.55840425409 4.2657262791 0.0
1.98039532424 4.83099050171 0.0
1.03420575816 6.31010448263 0.0
3.82580934252 1.46979685509 0.0
3.04141483113 4.62126624129 0.0
2.5378633815 4.76565723645 0.0
3.07970127405 4.58088043525 0.0
2.42477581893 3.05076415001 0.0
2.4113565524 5.83633192374 0.0
3.02773873872 4.45333497023 0.0
4.25484969902 1.3383331008 0.0
2.00643996247 3.59421355813 0.0
4.66670775377 2.92239410905 0.0
3.25055917804 3.18564901582 0.0
2.9299565377 4.43951194719 0.0
3.33355185898 4.12300306594 0.0
1.88200042257 6.15473251411 0.0
4.17403553059 4.7474825188 0.0
3.60615722751 3.22468916888 0.0
2.22649155229 4.86502435323 0.0
2.33429268643 3.88321115918 0.0
3.05551454065 4.23619441406 0.0
4.9581706281 3.60423971733 0.0
3.53926550204 3.6414521815 0.0
3.44334046555 4.39778622382 0.0
3.49738088722 3.31472037502 0.0
3.96936218725 4.49386982569 0.0
1.30771480457 5.46199904529 0.0
4.37836989697 2.96790591655 0.0
2.65235265958 3.49469807645 0.0
3.62306620282 2.86123563538 0.0
2.49887904209 4.94418905987 0.0
3.27801935682 4.71492270244 0.0
2.61364740858 3.73051741856 0.0
2.80796264064 3.14291453147 0.0
2.54511636835 4.05666445249 0.0
5.03392264548 2.47701605565 0.0
3.77848200653 3.37131751005 0.0
3.7487618911 3.14802904252 0.0
2.71582243019 4.45040330707 0.0
3.8839954823 3.52789444807 0.0
3.62009713753 4.51518028663 0.0
2.81227533973 4.86584735892 0.0
4.99776200801 3.11507597512 0.0
3.11443785198 4.28330920322 0.0
5.02823510446 1.47782291513 0.0
3.90407122917 3.08215726007 0.0
4.06415909439 4.01825583651 0.0
4.37091459611 3.19659172017 0.0
2.96890045876 4.64281654639 0.0
4.16469293654 4.03215535605 0.0
3.89361160884 3.36904713089 0.0
2.30513749943 5.07917772354 0.0
1.08232789051 2.86640294533 0.0
2.8720637451 2.98425948969 0.0
3.59081868728 4.62410460259 0.0
1.22391660091 6.1035405194 0.0
2.82899684657 4.59476598108 0.0
1.75156608767 5.05310266859 0.0
2.77894090433 4.6857241733 0.0
3.47022165388 3.20210676078 0.0
2.58297440215 3.76401743688 0.0
4.41982213086 2.76539301732 0.0
1.70094479213 5.43389488294 0.0
3.91629484023 2.01923210455 0.0
3.71351316712 3.52213333739 0.0
2.93237145656 3.49411605618 0.0
2.89414250337 3.65352346058 0.0
1.30685658903 4.8441712658 0.0
3.23756691747 3.81028628056 0.0
2.61125763178 4.21993369965 0.0
4.26600218062 4.04579981642 0.0
3.92146072208 2.87198723076 0.0
4.43501913616 2.99186383623 0.0
4.57778333902 3.7263433214 0.0
3.41963419048 3.97181641089 0.0
2.36136989645 3.90596176594 0.0
2.58707723696 4.40572725226 0.0
4.72777614427 3.6301630001 0.0
4.51679882637 3.55360236947 0.0
2.73837875888 5.81052040731 0.0
3.39762882631 2.66165330451 0.0
2.96098219205 3.84965141577 0.0
4.12248073828 3.33858654388 0.0
3.66799506575 2.80835347651 0.0
2.16115604917 5.00484590557 0.0
4.72607613878 3.06111586689 0.0
1.82304153713 5.33190502551 0.0
2.28058909948 3.31609551864 0.0
2.25377756202 2.08154521743 0.0
1.51832953436 3.73766931329 0.0
1.65064356508 4.24510037565 0.0
1.93101400392 3.62837508237 0.0
2.18264962307 4.64403474509 0.0
2.62981006796 4.14262455297 0.0
1.28232792477 4.88395660805 0.0
1.51880837023 3.71041022437 0.0
2.86382362014 4.60593278364 0.0
3.7556872257 2.50425164523 0.0
2.27367624679 3.59139836735 0.0
3.95526896001 3.97427078189 0.0
3.79467905547 2.06587492439 0.0
3.62731114965 3.69748437035 0.0
2.54689141926 5.30929343252 0.0
2.08516644002 4.237492133 0.0
4.42714131419 2.27526859374 0.0
1.33800051029 2.18144926586 0.0
3.30768440229 3.32879082092 0.0
3.10773454796 4.28121938238 0.0
3.26390555593 3.68737024749 0.0
3.48334576223 1.78333012957 0.0
3.35316539532 3.42597002967 0.0
2.85557267325 4.61285703945 0.0
4.41382833957 4.15831368587 0.0
4.54211931497 3.06965674607 0.0
1.79274773631 5.69760013515 0.0
3.03010336483 2.65465066132 0.0
2.30159276537 4.10843556316 0.0
0.737149148085 4.0706089845 0.0
3.11491970252 3.43415562942 0.0
2.3007635751 5.95585590013 0.0
3.26289998541 4.96855964001 0.0
3.94324615417 2.7190729524 0.0
2.71670978282 3.07879567065 0.0
-0.943319655319 0.477218483958 1.0
0.0876303154329 -0.472682453305 1.0
0.762763056854 -1.85292891253 1.0
0.253878766887 -1.70165465199 1.0
-1.03948762186 1.65655732514 1.0
-0.383990599615 0.625074366386 1.0
0.485031578192 1.38508798512 1.0
0.382448303204 -0.181205920111 1.0
0.515059648838 1.84612259956 1.0
-0.533988160481 -0.429290295718 1.0
-1.40589142495 0.0218428804012 1.0
-1.16932334228 -0.414306756933 1.0
0.252783528219 -0.134758769836 1.0
0.105018082938 -1.51720568172 1.0
-1.0734502298 0.392638762641 1.0
0.31275262973 0.117385502962 1.0
-0.404315926518 1.06890668072 1.0
0.606313712448 0.581724845365 1.0
0.363227462526 0.716943839161 1.0
0.140098392666 0.0739281163157 1.0
1.12924482175 -0.225355035108 1.0
-0.782749741914 -0.604499382239 1.0
0.428904672001 -0.0169024339477 1.0
0.619704015963 -0.395170455202 1.0
-0.000360253657422 0.513094319312 1.0
0.0556198799752 -0.882195450455 1.0
-0.0121521831834 -1.21170304286 1.0
-0.879675070564 -0.368841827851 1.0
-0.163727841133 0.254963335193 1.0
0.329543493544 -1.16707657904 1.0
-0.642097188829 1.11805588937 1.0
-0.67966292462 0.365317783894 1.0
-0.0781802424738 0.545662849861 1.0
-0.512620686785 0.560948541915 1.0
0.143786562055 -0.426564627742 1.0
-0.180901570037 -0.834160064321 1.0
-0.784783350435 -0.00518102881618 1.0
0.186995605916 -0.129942361816 1.0
0.236608195633 -0.594474019925 1.0
-1.18665707627 -0.406624532018 1.0
-0.0307734512568 -0.472632171557 1.0
-0.109276619505 -0.386588507808 1.0
-0.684400931856 0.426100118545 1.0
-0.330183018578 -0.399756259318 1.0
-0.133802390728 -0.612085394857 1.0
0.093878253775 -1.285315271 1.0
-0.536369354151 -0.663789773512 1.0
-1.78839767576 0.0402454753914 1.0
-0.554815444442 -0.0131219146898 1.0
0.070059959321 -0.40172186853 1.0
0.288689118074 -0.686351773213 1.0
-0.515176964439 -0.141440474519 1.0
-0.609303730839 0.843816270419 1.0
-0.376459113601 1.25531045919 1.0
0.801028833699 0.65465487254 1.0
-1.72734128054 -0.0911625939194 1.0
-1.04453428234 -1.24052511654 1.0
0.617016223218 0.468208325828 1.0
0.387149697133 0.0688560442653 1.0
0.179611878364 0.978301644998 1.0
1.50051956418 0.299477202818 1.0
0.773699463609 -0.965426210627 1.0
0.403312379642 0.937334159574 1.0
0.367192702427 0.76451407352 1.0
1.36307638498 1.24718322499 1.0
-0.472923951282 1.08729568677 1.0
-0.131102076192 0.992128756134 1.0
-0.361796928764 0.490617427319 1.0
1.64201889348 0.287949225076 1.0
0.366419330944 0.736924246637 1.0
-1.80069914035 0.83872759173 1.0
1.55905439921 0.754498320104 1.0
0.405953228924 1.30528711698 1.0
0.0471168275374 -1.01005586183 1.0
0.263180631199 -1.53185690145 1.0
0.202912243561 -0.460705891633 1.0
-0.830065339381 -1.56372076833 1.0
-0.279033001644 0.416303658572 1.0
-1.17777741304 0.573881204822 1.0
0.944264848647 -0.0822049487691 1.0
0.516486813737 1.62421842874 1.0
0.728204747714 -1.56302084332 1.0
-0.56972024759 -0.622484190946 1.0
1.34413036066 -0.634604726633 1.0
0.47660749371 0.8527845727 1.0
0.0834328759862 1.18122918745 1.0
-0.487811200838 0.241526875066 1.0
-0.436488685894 0.41063643518 1.0
-1.442882641 -0.434303606873 1.0
-1.64655307514 0.559653014051 1.0
-1.14043244734 0.168360525207 1.0
-0.882171381494 -0.799147373951 1.0
-0.0645179956516 0.242189851314 1.0
-0.704791014563 0.680971709367 1.0
-0.568606319065 -0.0692464619157 1.0
-0.894112616185 1.03940223701 1.0
0.684236048925 -0.32310256908 1.0
0.20512540346 1.51214470687 1.0
-0.00885146802987 -1.12799185303 1.0
-0.510881404961 0.426972223126 1.0
0.385852204301 -0.937148914439 1.0
0.0201840285086 0.327378878231 1.0
1.4270263389 -0.329452058731 1.0
0.529154136105 -0.450381653481 1.0
0.0565258948251 0.859371255463 1.0
-0.502280634307 1.04189684141 1.0
1.11585556249 0.449226739734 1.0
0.932311683704 0.378602703938 1.0
0.466765900625 -0.052812332297 1.0
-1.02621127892 0.501130934144 1.0
-0.884050129485 -0.125782321975 1.0
0.579751077646 -0.631748824414 1.0
0.181213933634 -0.976165075114 1.0
0.385012734512 0.446602259706 1.0
1.36106203668 -0.359607304611 1.0
0.5496154195 -0.617577362838 1.0
1.27362564242 -1.53860498167 1.0
0.89588947849 -0.641053897897 1.0
-0.16298738632 0.709668960976 1.0
-0.388633724868 0.00349394259455 1.0
0.223417140664 -0.404201611145 1.0
-0.58835497735 -0.214425623037 1.0
0.0466304073917 0.545071455146 1.0
-1.58888025949 0.747384891191 1.0
-0.440240959241 -0.0529588664692 1.0
-0.824796457703 -0.0694157884638 1.0
-0.609096732215 -1.65758940458 1.0
-1.09036868717 1.47707288143 1.0
-0.284798365354 -0.310750331341 1.0
0.335375882364 -0.169341892046 1.0
-0.0660313082601 0.813788502185 1.0
0.773385342024 -1.99819773347 1.0
-0.710238481349 -0.39471615913 1.0
-0.130747388114 0.491557282404 1.0
-0.212817303499 -0.671383024439 1.0
0.280907079281 0.815222706968 1.0
0.552271579871 -2.74570323111 1.0
0.480711329869 -0.549320372319 1.0
-0.190297044862 0.644493006567 1.0
0.193410374043 -0.560804804079 1.0
-0.931660245315 0.344979406951 1.0
-0.467840324983 0.136525974123 1.0
0.94837436212 -0.367395550271 1.0
-1.53150455261 -1.17985690445 1.0
0.315384038119 -1.26873049269 1.0
0.574014205964 1.74278861761 1.0
0.0771700927699 0.0461120184633 1.0
0.620298923796 -0.248622563015 1.0
1.7415658614 -0.248388118613 1.0
0.184545637377 1.71991432771 1.0
-1.45538253367 -1.06293136411 1.0
0.219028552756 -0.41971837793 1.0
-0.361358653252 0.752793512863 1.0
-0.450856812046 2.46663412285 1.0
-1.13002000073 0.0867738351499 1.0
-0.010056430953 -0.432092180108 1.0
0.477715241984 1.32792545614 1.0
-0.711022113506 -0.831178626253 1.0
-0.496076632845 -0.383984752533 1.0
1.06156566189 -0.647922545117 1.0
-2.45280655306 -0.561977625324 1.0
0.197004336233 1.12048432403 1.0
1.59390923231 0.635859186627 1.0
-0.234346240559 -0.846346211665 1.0
0.0879203541716 -0.348912472177 1.0
-0.0448516346157 1.26536517337 1.0
0.76992021052 -1.4724784489 1.0
1.25115104396 -1.01637498161 1.0
-2.25000500066 -0.234163303211 1.0
0.241596720268 0.615727025025 1.0
0.332196069992 0.839162030992 1.0
0.0154733372876 0.321539468845 1.0
-2.07985500098 1.02725684533 1.0
-0.731531919615 1.56226128176 1.0
0.23343187952 0.640475483554 1.0
-0.161531271998 1.46683563352 1.0
-0.132634927951 0.607496612431 1.0
-0.910506758325 0.362200749657 1.0
0.509665302815 -0.378870687759 1.0
-1.31489131639 0.499612567168 1.0
-0.0255392470647 -0.406438827146 1.0
1.15570052364 -0.920254510548 1.0
-1.41604576923 0.0405069036826 1.0
-0.132675250352 -0.2767792089 1.0
-0.855909416919 1.95609017593 1.0
0.411267741166 1.25354155802 1.0
3.01033100505 1.32707870786 1.0
0.200886063317 -0.5132740255 1.0
-0.649002565864 -0.33445556188 1.0
-0.216092707309 0.352632867532 1.0
-1.10592115651 0.140037909294 1.0
-0.681564674782 1.01486298516 1.0
1.44356820764 -0.592036987187 1.0
-0.628621015775 -0.860766523014 1.0
0.22610421729 -1.1759142561 1.0
0.644174680766 -0.693957813026 1.0
-0.227026416301 1.37458939592 1.0
1.97156492434 0.334099379246 1.0
0.168212573525 1.15557312986 1.0
-0.240644485721 -0.274136242089 1.0
